100 3997

90 69 5

90 88 698

90 61 705

90 98 775

90 64 740

90 77 786

90 95 631

90 7 652

90 92 726

90 79 523

90 99 578

90 93 570

90 87 722

90 54 616

90 73 549

90 67 971

90 80 645

90 52 656

90 72 614

90 1 751

90 18 724

90 91 938

90 60 729

90 19 563

90 96 747

90 86 708

90 82 914

90 20 735

90 4 649

90 28 901

90 33 665

90 9 757

90 97 910

90 57 973

90 24 856

90 78 641

90 56 599

90 26 648

90 23 757

90 43 748

90 6 701

90 0 840

90 50 771

90 51 826

90 16 765

90 55 519

90 46 922

90 40 798

90 58 508

90 59 766

90 44 618

90 34 593

90 30 586

90 47 959

90 45 642

90 66 941

90 41 774

90 68 775

90 22 850

90 70 564

90 71 989

90 74 539

90 49 501

90 76 676

90 37 529

90 42 891

90 27 977

90 81 795

90 83 946

90 84 570

90 85 505

90 31 520

90 14 815

90 2 718

90 89 678

90 25 717

90 10 651

90 94 949

90 35 840

90 5 817

90 15 7

69 88 6

69 75 875

69 98 674

69 64 533

69 77 848

69 95 619

69 92 555

69 99 585

69 93 705

69 12 708

69 73 509

69 52 951

69 72 518

69 1 851

69 65 903

69 18 646

69 91 624

69 60 518

69 19 902

69 63 675

69 29 736

69 86 880

69 82 809

69 20 674

69 4 597

69 28 947

69 33 567

69 9 668

69 17 773

69 97 615

69 24 755

69 78 817

69 56 869

69 26 542

69 23 598

69 43 608

69 6 598

69 0 916

69 50 672

69 36 619

69 53 913

69 46 667

69 40 592

69 58 601

69 59 796

69 47 741

69 41 546

69 68 552

69 22 720

69 70 986

69 21 957

69 38 688

69 74 802

69 42 539

69 27 687

69 32 557

69 85 734

69 14 633

69 89 947

69 48 834

69 25 786

69 10 595

69 13 650

69 94 935

69 8 816

69 39 856

69 5 678

69 15 708

88 75 10

88 61 952

88 98 550

88 77 726

88 95 574

88 92 873

88 99 511

88 87 607

88 12 658

88 73 974

88 67 997

88 80 578

88 52 578

88 72 960

88 65 667

88 18 881

88 91 665

88 60 534

88 96 759

88 63 537

88 29 674

88 86 730

88 82 704

88 20 793

88 4 857

88 28 578

88 33 543

88 9 613

88 17 545

88 24 624

88 78 798

88 56 516

88 26 803

88 43 693

88 6 948

88 0 629

88 3 942

88 51 621

88 36 900

88 53 761

88 16 912

88 55 650

88 40 525

88 58 593

88 59 593

88 44 876

88 34 857

88 30 550

88 47 567

88 66 531

88 41 852

88 68 556

88 22 541

88 70 588

88 38 838

88 74 932

88 49 623

88 37 716

88 42 803

88 11 640

88 27 531

88 32 598

88 83 502

88 84 913

88 85 771

88 2 929

88 89 852

88 48 935

88 25 981

88 13 605

88 8 821

88 35 988

88 39 520

88 5 766

75 61 7

75 98 716

75 64 915

75 77 658

75 95 969

75 7 802

75 92 760

75 99 561

75 87 542

75 54 647

75 73 971

75 67 611

75 80 907

75 52 606

75 72 545

75 65 938

75 91 948

75 60 910

75 63 540

75 86 601

75 82 761

75 20 831

75 4 995

75 28 518

75 9 829

75 17 861

75 97 601

75 57 658

75 24 697

75 78 783

75 56 999

75 26 924

75 23 941

75 43 695

75 6 565

75 0 935

75 3 574

75 50 908

75 36 576

75 53 533

75 16 580

75 55 752

75 46 978

75 40 684

75 59 681

75 44 628

75 34 983

75 62 570

75 30 595

75 45 882

75 66 848

75 41 661

75 68 920

75 70 805

75 71 840

75 21 845

75 49 864

75 42 855

75 11 504

75 81 926

75 32 577

75 83 993

75 84 519

75 31 532

75 14 800

75 89 606

75 48 983

75 10 663

75 8 972

75 35 925

75 5 929

61 98 1

61 64 708

61 95 974

61 7 953

61 92 924

61 79 526

61 99 781

61 93 801

61 87 510

61 12 675

61 54 947

61 73 568

61 67 742

61 80 752

61 72 534

61 1 999

61 65 529

61 18 568

61 60 562

61 96 941

61 63 912

61 29 701

61 86 803

61 82 678

61 20 637

61 4 792

61 28 839

61 9 761

61 57 725

61 24 581

61 56 545

61 26 679

61 23 794

61 43 685

61 0 738

61 3 716

61 50 888

61 36 984

61 53 529

61 16 525

61 55 936

61 46 552

61 40 977

61 59 547

61 44 820

61 34 897

61 62 560

61 30 643

61 45 882

61 66 851

61 41 568

61 68 875

61 22 525

61 70 580

61 71 501

61 21 801

61 38 857

61 74 506

61 49 529

61 37 944

61 42 910

61 11 990

61 27 623

61 81 787

61 32 976

61 83 519

61 85 923

61 31 876

61 14 695

61 89 849

61 48 933

61 10 565

61 94 517

61 8 837

61 35 809

61 15 804

98 64 7

98 95 781

98 7 754

98 92 690

98 79 547

98 93 594

98 87 961

98 12 988

98 54 775

98 73 960

98 67 551

98 80 941

98 52 757

98 72 920

98 65 724

98 91 857

98 60 877

98 96 759

98 63 594

98 29 604

98 20 936

98 4 527

98 28 517

98 33 673

98 9 808

98 97 910

98 57 899

98 24 910

98 78 568

98 26 945

98 23 567

98 6 513

98 0 993

98 50 745

98 51 567

98 53 585

98 16 544

98 55 947

98 46 593

98 40 995

98 58 655

98 59 955

98 44 876

98 34 668

98 30 724

98 47 983

98 45 840

98 66 991

98 41 693

98 68 709

98 70 848

98 71 632

98 21 918

98 38 505

98 74 570

98 49 522

98 76 883

98 37 929

98 42 505

98 11 979

98 81 607

98 32 531

98 83 779

98 84 861

98 85 789

98 31 541

98 2 688

98 89 918

98 10 705

98 13 718

98 94 557

98 8 843

98 5 915

64 77 10

64 95 961

64 7 584

64 92 796

64 79 932

64 99 506

64 87 698

64 12 854

64 54 559

64 73 809

64 67 945

64 52 854

64 72 901

64 1 981

64 18 670

64 91 997

64 60 998

64 19 687

64 96 522

64 63 801

64 86 852

64 82 666

64 4 805

64 28 538

64 33 861

64 9 809

64 17 996

64 97 721

64 57 614

64 78 612

64 56 983

64 26 673

64 23 575

64 43 784

64 6 961

64 0 988

64 3 809

64 50 636

64 51 651

64 36 503

64 16 743

64 55 978

64 46 519

64 40 561

64 58 556

64 44 610

64 34 823

64 62 871

64 45 596

64 66 664

64 41 766

64 68 900

64 22 891

64 71 939

64 38 917

64 74 836

64 49 729

64 37 776

64 42 528

64 11 561

64 27 720

64 81 730

64 32 969

64 83 569

64 85 869

64 31 624

64 2 993

64 89 585

64 48 822

64 25 645

64 13 690

64 94 963

64 39 841

64 5 533

64 15 983

77 95 4

77 7 535

77 92 859

77 99 580

77 93 697

77 12 542

77 54 913

77 73 772

77 67 849

77 80 853

77 52 762

77 1 597

77 65 864

77 18 514

77 60 656

77 19 553

77 96 728

77 63 799

77 29 675

77 86 502

77 82 943

77 20 772

77 33 875

77 9 717

77 17 660

77 97 735

77 57 753

77 24 507

77 56 663

77 23 882

77 0 756

77 3 527

77 53 819

77 16 516

77 55 912

77 46 861

77 40 520

77 58 636

77 59 855

77 44 521

77 34 993

77 30 966

77 45 916

77 66 730

77 41 980

77 68 940

77 22 717

77 70 691

77 71 904

77 21 593

77 74 614

77 49 845

77 76 574

77 37 501

77 11 890

77 27 731

77 32 999

77 83 765

77 84 948

77 85 686

77 31 822

77 2 908

77 89 749

77 25 606

77 10 538

77 13 947

77 94 723

77 8 930

77 35 543

77 5 557

77 15 923

95 7 9

95 92 939

95 79 825

95 99 854

95 93 718

95 87 721

95 12 853

95 54 832

95 73 929

95 67 563

95 72 957

95 1 958

95 65 647

95 18 869

95 91 975

95 60 582

95 96 907

95 29 834

95 82 556

95 20 672

95 4 543

95 33 694

95 9 542

95 97 999

95 57 950

95 24 897

95 78 665

95 56 874

95 26 536

95 23 918

95 43 802

95 0 534

95 3 685

95 50 576

95 51 640

95 36 725

95 16 767

95 46 766

95 40 679

95 58 683

95 59 728

95 44 804

95 62 944

95 30 672

95 47 540

95 45 781

95 41 526

95 68 755

95 70 980

95 21 599

95 38 965

95 74 824

95 49 780

95 76 723

95 37 996

95 11 873

95 27 853

95 32 893

95 83 852

95 84 890

95 85 859

95 31 749

95 14 978

95 2 593

95 89 846

95 48 943

95 25 704

95 10 530

95 13 935

95 8 832

95 35 984

95 5 907

95 15 700

7 92 6

7 79 621

7 99 841

7 93 736

7 87 837

7 54 931

7 73 596

7 67 938

7 72 797

7 1 800

7 18 633

7 91 673

7 60 781

7 96 981

7 63 574

7 86 554

7 82 679

7 4 930

7 9 721

7 17 997

7 97 673

7 57 796

7 78 985

7 56 953

7 26 981

7 23 942

7 43 568

7 6 509

7 0 722

7 3 504

7 50 512

7 51 535

7 36 803

7 53 612

7 16 911

7 55 989

7 46 879

7 40 584

7 58 774

7 59 727

7 44 976

7 62 896

7 30 904

7 66 744

7 41 684

7 68 870

7 22 629

7 70 539

7 71 900

7 21 934

7 38 501

7 74 894

7 49 875

7 76 798

7 37 759

7 42 525

7 11 827

7 27 895

7 81 953

7 32 744

7 83 669

7 85 799

7 31 807

7 14 503

7 2 530

7 89 782

7 48 707

7 10 842

7 13 988

7 94 971

7 35 798

7 39 709

7 5 951

7 15 803

92 79 7

92 99 870

92 87 521

92 12 515

92 73 944

92 67 689

92 80 630

92 52 580

92 72 590

92 1 828

92 18 546

92 91 500

92 60 567

92 19 996

92 63 788

92 29 633

92 86 862

92 82 512

92 20 882

92 4 830

92 28 888

92 33 671

92 9 652

92 17 551

92 97 510

92 57 527

92 24 957

92 26 919

92 23 733

92 43 896

92 6 909

92 0 725

92 3 590

92 50 582

92 51 883

92 36 585

92 53 642

92 40 883

92 58 598

92 44 521

92 34 977

92 62 946

92 30 705

92 47 577

92 45 601

92 66 887

92 41 613

92 68 817

92 70 754

92 71 787

92 21 627

92 38 915

92 74 835

92 49 614

92 76 739

92 42 884

92 11 631

92 27 793

92 81 703

92 32 714

92 83 643

92 84 764

92 85 676

92 31 566

92 14 900

92 2 910

92 89 678

92 48 919

92 10 862

92 13 540

92 94 519

92 39 636

92 5 515

92 15 744

79 99 3

79 87 923

79 12 690

79 54 687

79 73 734

79 67 668

79 80 671

79 52 918

79 72 594

79 1 805

79 65 697

79 18 600

79 60 560

79 19 736

79 96 764

79 63 737

79 29 608

79 86 833

79 82 998

79 20 646

79 4 962

79 28 608

79 33 913

79 9 755

79 97 836

79 78 955

79 26 983

79 23 777

79 43 777

79 6 742

79 3 927

79 50 527

79 51 794

79 36 831

79 53 924

79 16 702

79 55 598

79 46 685

79 40 539

79 58 724

79 59 690

79 44 830

79 34 702

79 62 616

79 30 671

79 47 745

79 66 772

79 41 796

79 68 502

79 22 513

79 70 640

79 71 796

79 21 526

79 38 952

79 74 659

79 49 903

79 76 980

79 42 762

79 11 708

79 81 805

79 83 930

79 84 712

79 85 558

79 31 883

79 14 938

79 2 904

79 48 988

79 25 611

79 10 805

79 13 584

79 94 608

79 8 547

79 35 784

79 39 529

79 5 569

79 15 871

99 93 4

99 12 890

99 54 956

99 67 746

99 80 547

99 52 600

99 72 955

99 1 886

99 65 929

99 18 545

99 91 899

99 60 855

99 19 630

99 96 976

99 63 682

99 29 675

99 86 590

99 82 648

99 20 704

99 4 565

99 28 694

99 9 649

99 17 877

99 24 807

99 78 599

99 56 756

99 26 734

99 6 526

99 0 960

99 3 900

99 50 866

99 36 612

99 53 830

99 16 699

99 55 808

99 46 698

99 40 996

99 58 729

99 59 849

99 34 835

99 62 849

99 47 875

99 45 516

99 66 860

99 41 960

99 70 862

99 71 584

99 38 744

99 74 523

99 76 773

99 37 791

99 42 580

99 11 957

99 81 755

99 32 872

99 84 818

99 31 630

99 2 555

99 48 639

99 25 967

99 13 842

99 94 768

99 8 798

99 35 590

99 39 707

99 5 730

99 15 655

93 87 2

93 12 927

93 54 561

93 67 876

93 80 997

93 52 783

93 72 859

93 1 943

93 18 669

93 91 561

93 60 636

93 19 849

93 96 590

93 29 672

93 86 782

93 82 539

93 20 871

93 4 597

93 28 864

93 33 817

93 9 562

93 17 775

93 57 786

93 24 874

93 56 511

93 26 517

93 23 705

93 6 877

93 0 999

93 50 503

93 51 564

93 36 861

93 16 678

93 55 814

93 46 759

93 40 708

93 58 698

93 44 866

93 34 712

93 62 535

93 30 808

93 47 794

93 45 955

93 41 958

93 68 688

93 22 955

93 70 662

93 71 953

93 21 839

93 38 648

93 74 962

93 49 833

93 76 564

93 37 623

93 11 892

93 27 771

93 81 951

93 32 722

93 83 537

93 84 615

93 85 771

93 31 962

93 14 741

93 2 947

93 89 791

93 48 619

93 10 530

93 13 811

93 94 704

93 8 897

93 35 600

93 39 614

93 5 658

93 15 568

87 12 7

87 54 805

87 73 950

87 67 682

87 80 834

87 52 654

87 72 968

87 65 957

87 18 994

87 91 843

87 60 918

87 96 581

87 63 684

87 29 804

87 86 886

87 82 521

87 20 592

87 4 637

87 28 529

87 33 952

87 9 815

87 17 888

87 97 730

87 57 773

87 24 764

87 78 715

87 56 873

87 23 910

87 6 604

87 0 591

87 3 774

87 50 948

87 36 830

87 53 615

87 16 754

87 55 753

87 46 971

87 40 658

87 58 790

87 59 835

87 62 641

87 45 523

87 66 600

87 41 835

87 68 801

87 70 631

87 21 996

87 38 803

87 74 825

87 76 836

87 37 918

87 42 729

87 11 627

87 27 638

87 81 543

87 32 569

87 83 951

87 84 791

87 85 722

87 31 886

87 14 779

87 2 554

87 89 807

87 48 748

87 25 784

87 10 827

87 13 703

87 94 903

87 8 771

87 35 729

87 39 892

87 5 770

87 15 571

12 54 7

12 73 930

12 67 655

12 80 851

12 52 821

12 72 857

12 1 913

12 18 549

12 19 745

12 96 858

12 63 773

12 29 509

12 86 644

12 82 562

12 20 935

12 28 581

12 33 939

12 9 769

12 17 542

12 97 592

12 57 935

12 24 709

12 78 952

12 56 575

12 26 523

12 23 876

12 6 668

12 0 728

12 50 515

12 51 530

12 36 893

12 53 733

12 16 785

12 55 992

12 46 786

12 40 588

12 58 757

12 59 512

12 44 994

12 34 540

12 62 514

12 30 890

12 47 837

12 45 545

12 66 883

12 68 777

12 22 886

12 70 737

12 71 988

12 21 652

12 38 906

12 74 877

12 49 511

12 76 941

12 37 954

12 42 912

12 27 550

12 81 731

12 32 605

12 83 726

12 84 743

12 31 887

12 14 511

12 2 881

12 89 995

12 48 514

12 25 586

12 10 786

12 94 592

12 8 541

12 39 591

12 5 532

54 73 8

54 67 646

54 80 920

54 72 566

54 1 709

54 18 590

54 19 958

54 63 984

54 29 696

54 86 806

54 82 654

54 20 892

54 4 870

54 28 987

54 33 923

54 97 897

54 57 794

54 24 799

54 78 548

54 56 705

54 26 701

54 23 800

54 43 846

54 0 505

54 3 657

54 50 832

54 51 689

54 36 593

54 53 884

54 16 876

54 55 797

54 46 695

54 40 545

54 59 788

54 34 990

54 62 586

54 30 733

54 47 531

54 45 727

54 66 761

54 68 950

54 22 739

54 21 751

54 38 936

54 74 500

54 76 549

54 37 683

54 42 837

54 32 775

54 83 584

54 84 937

54 85 978

54 31 770

54 14 721

54 2 654

54 89 648

54 48 783

54 25 903

54 10 979

54 13 537

54 94 981

54 35 507

54 39 790

54 5 510

54 15 997

73 67 9

73 52 621

73 72 991

73 65 713

73 18 991

73 60 897

73 19 690

73 96 962

73 63 950

73 86 931

73 82 715

73 20 928

73 4 851

73 33 848

73 9 501

73 17 926

73 97 565

73 57 557

73 24 754

73 78 573

73 56 927

73 26 655

73 23 785

73 43 593

73 6 889

73 0 700

73 3 566

73 53 878

73 16 917

73 55 799

73 46 765

73 40 819

73 58 521

73 59 861

73 44 699

73 62 792

73 30 637

73 47 600

73 45 524

73 41 591

73 68 736

73 22 627

73 70 821

73 21 972

73 38 784

73 74 830

73 49 908

73 76 934

73 37 653

73 42 816

73 11 730

73 27 831

73 81 684

73 83 742

73 84 693

73 85 746

73 31 798

73 2 965

73 89 875

73 48 779

73 25 674

73 10 659

73 13 823

73 8 992

73 35 806

73 39 793

73 15 649

67 80 7

67 52 577

67 72 664

67 1 546

67 65 706

67 18 552

67 91 858

67 60 624

67 19 836

67 96 880

67 63 612

67 86 688

67 82 621

67 20 697

67 4 835

67 28 915

67 33 961

67 9 822

67 17 761

67 97 927

67 57 915

67 24 937

67 56 778

67 26 929

67 23 730

67 6 742

67 50 781

67 53 843

67 16 775

67 55 963

67 46 525

67 59 804

67 44 754

67 34 569

67 62 724

67 30 962

67 45 855

67 66 981

67 41 562

67 68 570

67 22 677

67 70 716

67 71 814

67 21 536

67 74 612

67 37 746

67 42 714

67 27 938

67 81 801

67 32 711

67 83 621

67 84 798

67 85 740

67 31 908

67 14 760

67 2 990

67 89 848

67 48 837

67 25 991

67 10 946

67 13 659

67 8 679

67 35 763

67 39 894

67 5 567

80 52 1

80 72 760

80 1 796

80 65 626

80 91 886

80 60 612

80 96 991

80 63 977

80 29 711

80 86 945

80 82 676

80 20 550

80 4 886

80 28 514

80 33 973

80 9 935

80 17 823

80 57 949

80 78 688

80 56 672

80 26 551

80 23 650

80 43 997

80 6 803

80 3 831

80 50 986

80 51 952

80 36 966

80 53 717

80 55 655

80 40 945

80 44 752

80 34 677

80 62 564

80 47 945

80 45 969

80 66 985

80 22 891

80 70 708

80 71 702

80 21 704

80 74 859

80 76 804

80 37 793

80 81 975

80 32 532

80 83 815

80 85 916

80 31 605

80 14 963

80 2 936

80 89 983

80 10 633

80 13 547

80 94 819

80 8 508

80 35 865

80 39 918

80 5 706

80 15 736

52 72 8

52 1 956

52 18 724

52 91 594

52 60 686

52 19 712

52 63 555

52 82 584

52 20 930

52 4 715

52 28 868

52 33 670

52 9 636

52 17 779

52 97 518

52 57 887

52 24 812

52 78 602

52 56 795

52 23 505

52 43 560

52 6 731

52 0 509

52 3 883

52 50 958

52 51 984

52 36 696

52 53 527

52 16 606

52 55 942

52 46 991

52 58 600

52 59 948

52 44 948

52 34 605

52 62 866

52 30 649

52 47 743

52 66 507

52 41 727

52 68 594

52 22 819

52 70 700

52 38 972

52 74 796

52 49 873

52 76 631

52 37 649

52 42 578

52 11 802

52 27 717

52 81 703

52 32 526

52 83 516

52 85 610

52 31 577

52 14 933

52 2 865

52 89 679

52 48 576

52 25 511

52 94 778

52 8 914

52 39 726

52 5 557

72 1 4

72 65 935

72 18 744

72 60 707

72 19 531

72 96 856

72 63 860

72 86 998

72 82 779

72 20 842

72 4 845

72 28 906

72 33 817

72 9 837

72 17 899

72 97 812

72 24 908

72 56 615

72 26 947

72 23 507

72 6 644

72 0 821

72 3 735

72 50 699

72 36 671

72 53 992

72 16 959

72 46 710

72 40 736

72 58 762

72 44 678

72 34 776

72 62 575

72 47 898

72 45 971

72 66 636

72 41 606

72 68 769

72 22 506

72 71 847

72 21 864

72 38 761

72 74 860

72 49 926

72 76 635

72 37 969

72 11 544

72 27 801

72 81 826

72 32 866

72 83 534

72 84 650

72 85 663

72 31 543

72 14 707

72 2 711

72 48 875

72 25 512

72 10 548

72 13 610

72 94 762

72 8 766

72 39 560

72 5 526

72 15 801

1 65 1

1 18 603

1 91 717

1 60 664

1 19 965

1 96 705

1 63 702

1 29 903

1 82 557

1 20 924

1 4 663

1 28 768

1 33 847

1 9 841

1 17 549

1 97 988

1 24 643

1 78 693

1 23 531

1 43 538

1 6 612

1 0 979

1 3 851

1 50 813

1 51 639

1 36 844

1 53 699

1 16 762

1 46 586

1 58 661

1 59 612

1 44 880

1 47 607

1 45 772

1 66 680

1 41 605

1 68 974

1 22 944

1 70 524

1 71 877

1 21 978

1 38 658

1 74 692

1 49 577

1 11 664

1 81 676

1 32 758

1 83 714

1 84 610

1 85 742

1 31 999

1 14 762

1 2 903

1 89 767

1 48 606

1 25 650

1 10 869

1 13 915

1 94 863

1 8 590

1 35 969

1 5 579

1 15 595

65 18 6

65 60 766

65 19 965

65 96 502

65 29 757

65 86 908

65 82 529

65 20 641

65 4 555

65 28 594

65 33 584

65 9 923

65 17 828

65 97 533

65 57 608

65 24 777

65 78 598

65 56 601

65 26 743

65 6 604

65 0 844

65 3 952

65 50 812

65 51 705

65 36 841

65 53 764

65 55 592

65 46 679

65 40 766

65 58 981

65 59 610

65 44 708

65 34 817

65 62 684

65 30 845

65 47 662

65 66 999

65 41 613

65 68 752

65 22 846

65 71 992

65 21 729

65 38 665

65 74 536

65 49 953

65 76 868

65 37 825

65 11 509

65 27 599

65 81 518

65 32 565

65 83 923

65 31 985

65 14 544

65 89 857

65 48 642

65 25 836

65 10 520

65 13 528

65 94 803

65 8 777

65 35 566

65 39 509

65 5 504

18 91 10

18 19 714

18 96 801

18 63 662

18 29 785

18 86 544

18 82 707

18 20 516

18 4 568

18 33 949

18 9 987

18 17 906

18 97 925

18 24 654

18 78 696

18 56 621

18 26 978

18 23 652

18 43 849

18 6 710

18 0 784

18 3 784

18 50 664

18 36 700

18 16 540

18 55 575

18 46 789

18 40 695

18 58 862

18 59 596

18 34 574

18 62 806

18 30 959

18 47 776

18 66 897

18 68 561

18 22 777

18 70 755

18 21 619

18 38 943

18 74 693

18 49 907

18 37 504

18 11 930

18 27 693

18 81 961

18 32 977

18 84 875

18 85 960

18 31 961

18 14 902

18 89 908

18 25 851

18 10 955

18 13 706

18 94 723

18 8 606

18 35 845

18 39 952

18 5 921

18 15 671

91 60 1

91 19 669

91 96 855

91 63 687

91 29 719

91 86 884

91 20 923

91 4 553

91 28 824

91 33 781

91 9 970

91 17 793

91 97 892

91 24 586

91 78 829

91 56 966

91 23 822

91 43 547

91 6 700

91 0 875

91 3 543

91 51 948

91 53 695

91 55 517

91 46 834

91 40 946

91 59 884

91 44 516

91 34 580

91 62 707

91 30 848

91 47 744

91 45 947

91 41 842

91 68 738

91 22 995

91 71 853

91 21 856

91 38 671

91 49 610

91 76 941

91 37 508

91 42 655

91 11 846

91 27 575

91 81 506

91 32 752

91 83 888

91 14 594

91 89 799

91 48 784

91 25 578

91 13 688

91 94 907

91 8 795

91 35 919

91 39 745

91 5 598

60 19 3

60 96 926

60 63 664

60 29 602

60 86 645

60 20 716

60 4 510

60 28 553

60 33 554

60 9 534

60 17 930

60 97 710

60 24 630

60 78 586

60 26 989

60 23 830

60 43 514

60 6 950

60 0 642

60 3 989

60 50 910

60 36 963

60 53 592

60 16 953

60 55 741

60 46 897

60 58 879

60 59 527

60 44 824

60 34 892

60 62 864

60 30 651

60 45 793

60 66 730

60 41 718

60 68 542

60 22 852

60 70 845

60 71 820

60 21 553

60 38 610

60 74 800

60 76 842

60 37 740

60 42 712

60 11 697

60 27 622

60 32 930

60 83 717

60 84 601

60 85 683

60 31 745

60 14 758

60 2 670

60 89 987

60 48 509

60 10 881

60 13 573

60 94 568

60 8 578

60 35 853

60 15 983

19 96 8

19 63 783

19 29 824

19 86 667

19 82 639

19 20 888

19 4 570

19 28 896

19 33 912

19 9 717

19 17 869

19 97 916

19 78 907

19 26 963

19 23 883

19 43 540

19 6 511

19 0 535

19 3 926

19 51 835

19 36 784

19 53 559

19 16 619

19 55 990

19 46 771

19 40 926

19 58 957

19 59 743

19 44 649

19 34 591

19 62 688

19 30 698

19 47 994

19 45 902

19 41 737

19 68 855

19 22 548

19 70 940

19 21 928

19 38 653

19 74 704

19 76 799

19 37 542

19 42 910

19 27 869

19 81 963

19 32 619

19 83 847

19 84 955

19 14 736

19 2 716

19 89 844

19 10 851

19 13 811

19 94 921

19 8 638

19 35 892

19 39 708

19 5 796

19 15 680

96 63 8

96 29 889

96 20 716

96 28 804

96 33 688

96 9 854

96 17 986

96 97 888

96 57 867

96 78 849

96 56 953

96 26 843

96 23 558

96 43 686

96 6 758

96 0 617

96 3 772

96 51 744

96 36 933

96 53 911

96 16 822

96 55 694

96 40 913

96 58 795

96 59 875

96 34 570

96 62 765

96 30 948

96 45 876

96 66 740

96 41 658

96 68 744

96 22 653

96 70 912

96 71 851

96 38 914

96 74 900

96 49 871

96 76 688

96 37 574

96 42 586

96 27 886

96 32 762

96 84 762

96 85 806

96 31 827

96 14 536

96 89 888

96 25 654

96 13 967

96 94 856

96 8 875

96 35 767

96 39 621

96 5 848

96 15 785

63 29 5

63 86 836

63 82 725

63 4 732

63 28 840

63 33 785

63 9 860

63 17 533

63 97 571

63 57 982

63 24 730

63 78 850

63 56 757

63 43 512

63 0 974

63 50 551

63 51 939

63 36 552

63 53 756

63 55 616

63 46 960

63 40 650

63 59 625

63 44 807

63 34 578

63 62 639

63 30 613

63 47 514

63 45 830

63 66 857

63 68 649

63 22 915

63 70 625

63 71 560

63 21 683

63 38 928

63 74 560

63 49 662

63 76 904

63 37 907

63 42 981

63 11 637

63 27 986

63 81 667

63 32 794

63 83 707

63 84 769

63 85 780

63 31 579

63 2 614

63 89 620

63 48 626

63 25 666

63 13 656

63 94 647

63 8 834

63 35 827

63 39 721

63 5 516

63 15 746

29 86 6

29 4 697

29 28 966

29 33 637

29 9 595

29 17 631

29 97 681

29 57 913

29 24 675

29 78 999

29 56 912

29 26 607

29 23 858

29 43 937

29 0 535

29 50 755

29 51 860

29 36 979

29 53 732

29 16 904

29 55 673

29 46 916

29 40 573

29 58 861

29 44 625

29 34 725

29 30 906

29 45 806

29 66 849

29 41 500

29 68 582

29 22 680

29 70 658

29 71 687

29 21 780

29 38 790

29 74 902

29 49 932

29 76 501

29 37 642

29 42 625

29 11 632

29 27 863

29 32 565

29 83 726

29 84 744

29 85 797

29 31 811

29 14 919

29 2 536

29 89 827

29 48 797

29 25 539

29 10 767

29 13 970

29 94 573

29 8 978

29 35 501

29 39 633

29 5 782

29 15 684

86 82 4

86 20 864

86 4 758

86 28 737

86 33 564

86 9 572

86 17 880

86 97 658

86 57 550

86 24 719

86 78 770

86 56 511

86 23 512

86 43 537

86 6 652

86 3 530

86 50 948

86 51 993

86 36 965

86 53 811

86 16 653

86 55 964

86 46 815

86 40 588

86 58 739

86 59 679

86 34 583

86 62 681

86 47 685

86 66 715

86 41 813

86 68 883

86 22 673

86 70 663

86 71 798

86 21 527

86 38 522

86 74 902

86 76 613

86 37 588

86 42 524

86 11 958

86 27 953

86 81 717

86 84 631

86 85 991

86 14 636

86 89 934

86 13 929

86 94 933

86 8 764

86 35 706

86 39 898

86 5 999

82 20 10

82 4 994

82 28 532

82 33 922

82 9 771

82 17 647

82 97 901

82 57 667

82 24 794

82 78 584

82 56 983

82 23 601

82 43 680

82 6 893

82 0 569

82 3 676

82 51 991

82 36 944

82 53 832

82 55 979

82 46 933

82 59 918

82 44 705

82 62 793

82 30 737

82 47 779

82 45 742

82 66 966

82 41 738

82 68 579

82 22 771

82 71 603

82 21 527

82 38 523

82 74 559

82 49 581

82 76 922

82 37 622

82 42 931

82 11 794

82 27 851

82 81 523

82 83 862

82 85 941

82 14 817

82 2 987

82 89 959

82 48 783

82 13 852

82 94 679

82 8 637

82 39 710

82 5 554

82 15 926

20 4 5

20 28 826

20 33 792

20 9 845

20 17 618

20 97 902

20 24 663

20 78 841

20 56 632

20 26 703

20 23 542

20 43 974

20 6 971

20 0 742

20 3 655

20 50 632

20 51 834

20 16 914

20 55 985

20 46 864

20 40 562

20 58 748

20 34 782

20 62 568

20 30 764

20 45 735

20 66 803

20 41 650

20 68 925

20 22 644

20 70 815

20 71 908

20 38 755

20 74 885

20 49 873

20 76 572

20 37 718

20 11 786

20 81 681

20 32 636

20 83 896

20 84 679

20 85 854

20 31 703

20 14 582

20 2 961

20 89 712

20 48 557

20 25 533

20 10 935

20 13 834

20 94 665

20 8 791

20 35 668

20 39 642

20 5 502

20 15 585

4 28 10

4 33 948

4 9 800

4 17 993

4 97 718

4 57 945

4 24 671

4 78 732

4 26 519

4 23 824

4 43 531

4 6 668

4 3 993

4 50 973

4 51 816

4 36 880

4 53 702

4 16 768

4 55 766

4 46 502

4 40 974

4 58 919

4 59 581

4 44 578

4 34 733

4 62 831

4 41 690

4 68 666

4 22 729

4 70 624

4 71 579

4 21 979

4 38 583

4 74 762

4 49 506

4 76 968

4 37 942

4 42 740

4 11 852

4 27 909

4 32 607

4 83 582

4 84 813

4 85 507

4 31 713

4 14 643

4 2 771

4 48 604

4 25 654

4 13 622

4 94 782

4 8 995

4 35 577

4 5 756

4 15 678

28 33 3

28 9 892

28 17 567

28 97 667

28 57 898

28 24 775

28 78 582

28 56 952

28 23 607

28 43 616

28 6 552

28 0 954

28 3 913

28 50 818

28 51 639

28 36 866

28 53 872

28 16 961

28 55 841

28 46 955

28 58 662

28 59 540

28 44 773

28 34 574

28 30 655

28 45 961

28 22 784

28 70 728

28 71 729

28 21 824

28 38 509

28 74 986

28 49 818

28 76 627

28 37 598

28 42 826

28 11 668

28 27 698

28 32 882

28 83 858

28 84 833

28 85 615

28 31 835

28 14 750

28 2 590

28 89 797

28 48 630

28 25 926

28 13 831

28 94 834

28 8 552

28 5 678

28 15 985

33 9 4

33 17 599

33 57 558

33 24 521

33 78 548

33 26 990

33 23 829

33 43 898

33 0 938

33 3 708

33 50 722

33 51 833

33 36 679

33 53 754

33 55 773

33 40 774

33 58 871

33 59 675

33 44 771

33 62 538

33 30 711

33 47 684

33 45 727

33 66 648

33 41 794

33 68 989

33 22 897

33 70 977

33 71 699

33 21 894

33 49 512

33 76 704

33 37 795

33 42 749

33 11 654

33 27 770

33 81 752

33 32 762

33 83 505

33 84 970

33 85 779

33 31 624

33 2 824

33 89 783

33 48 735

33 25 828

33 10 517

33 94 781

33 8 887

33 35 729

33 39 830

33 5 858

33 15 734

9 17 1

9 97 853

9 57 914

9 78 538

9 56 664

9 26 598

9 43 685

9 6 507

9 0 629

9 3 998

9 50 740

9 51 902

9 36 747

9 53 804

9 16 677

9 55 673

9 40 587

9 59 978

9 44 887

9 34 556

9 62 871

9 30 799

9 47 538

9 66 537

9 41 647

9 68 946

9 70 679

9 21 708

9 74 590

9 49 797

9 76 833

9 37 562

9 42 968

9 11 759

9 27 564

9 81 774

9 32 839

9 83 992

9 84 680

9 85 682

9 31 993

9 14 922

9 2 921

9 89 536

9 48 696

9 10 881

9 13 881

9 94 781

9 8 712

9 35 768

9 39 599

9 5 962

9 15 715

17 97 8

17 57 664

17 78 813

17 56 592

17 26 709

17 23 524

17 50 953

17 51 576

17 36 525

17 53 970

17 55 593

17 46 771

17 40 784

17 58 956

17 59 672

17 44 613

17 34 780

17 62 913

17 30 577

17 47 670

17 45 793

17 41 537

17 68 509

17 22 722

17 70 616

17 21 768

17 38 832

17 74 731

17 76 755

17 37 967

17 42 757

17 81 948

17 32 573

17 83 732

17 84 701

17 14 536

17 2 894

17 89 727

17 48 772

17 25 503

17 10 556

17 13 679

17 94 972

17 8 622

17 35 869

17 5 818

17 15 910

97 57 2

97 24 869

97 56 990

97 26 679

97 23 540

97 43 882

97 6 745

97 0 943

97 3 980

97 50 597

97 51 663

97 36 509

97 53 651

97 40 825

97 59 546

97 34 536

97 62 965

97 30 574

97 47 649

97 66 804

97 41 590

97 22 539

97 70 651

97 71 862

97 21 611

97 38 977

97 49 654

97 42 743

97 11 588

97 27 858

97 81 852

97 83 898

97 84 513

97 85 533

97 31 727

97 14 503

97 2 680

97 48 644

97 25 997

97 10 952

97 13 887

97 94 703

97 8 804

97 35 761

97 39 851

97 5 764

97 15 863

57 24 8

57 78 721

57 56 740

57 26 830

57 23 579

57 6 796

57 0 989

57 3 930

57 50 558

57 51 971

57 36 636

57 53 977

57 16 567

57 55 982

57 46 608

57 40 748

57 58 764

57 44 840

57 34 868

57 62 742

57 30 715

57 41 638

57 22 610

57 70 526

57 71 881

57 21 836

57 38 640

57 74 980

57 49 821

57 76 946

57 37 852

57 42 557

57 11 705

57 27 638

57 81 826

57 32 945

57 83 535

57 84 969

57 85 932

57 31 765

57 14 505

57 2 686

57 89 526

57 48 679

57 25 814

57 10 724

57 13 764

57 8 970

57 35 581

57 39 816

57 5 540

57 15 512

24 78 4

24 26 509

24 23 768

24 43 666

24 6 728

24 0 770

24 3 723

24 51 889

24 36 883

24 53 692

24 16 999

24 55 507

24 46 609

24 58 501

24 59 922

24 44 695

24 62 964

24 30 793

24 45 849

24 66 746

24 68 553

24 22 942

24 70 722

24 71 806

24 21 501

24 38 505

24 74 840

24 49 963

24 76 688

24 37 810

24 11 774

24 27 656

24 81 669

24 83 915

24 85 968

24 14 757

24 2 666

24 89 891

24 25 896

24 10 920

24 13 944

24 94 851

24 8 696

24 35 895

24 39 853

24 5 686

24 15 761

78 56 6

78 6 759

78 3 868

78 50 548

78 51 848

78 36 863

78 16 635

78 46 521

78 40 877

78 58 932

78 44 786

78 62 809

78 30 544

78 66 710

78 68 578

78 70 861

78 71 745

78 21 872

78 38 711

78 74 990

78 49 740

78 37 672

78 42 899

78 27 830

78 81 809

78 32 571

78 83 621

78 84 612

78 85 712

78 31 928

78 14 816

78 89 688

78 48 565

78 25 662

78 10 910

78 13 657

78 35 893

78 39 887

78 5 907

78 15 788

56 26 1

56 23 586

56 43 512

56 6 985

56 0 765

56 3 720

56 50 765

56 36 830

56 53 625

56 16 693

56 46 628

56 58 873

56 59 786

56 34 751

56 30 837

56 47 502

56 45 785

56 66 939

56 68 582

56 70 545

56 71 873

56 21 977

56 74 967

56 49 615

56 76 919

56 37 653

56 42 889

56 11 888

56 81 688

56 32 768

56 83 789

56 84 874

56 85 641

56 14 686

56 2 583

56 89 809

56 25 628

56 10 910

56 8 501

56 35 599

56 39 569

56 5 852

56 15 861

26 23 7

26 43 935

26 6 532

26 3 674

26 36 682

26 16 843

26 40 871

26 58 819

26 59 688

26 44 722

26 34 930

26 62 618

26 47 832

26 45 892

26 68 808

26 22 552

26 70 582

26 71 611

26 21 929

26 38 924

26 49 903

26 76 996

26 37 743

26 11 525

26 27 554

26 81 817

26 83 709

26 85 763

26 31 685

26 14 725

26 2 753

26 89 976

26 48 920

26 25 935

26 10 508

26 13 723

26 94 602

26 8 739

26 35 506

26 39 991

26 5 531

26 15 885

23 43 2

23 6 982

23 0 689

23 3 520

23 51 625

23 36 616

23 53 876

23 55 603

23 46 805

23 58 907

23 59 772

23 44 977

23 34 730

23 62 949

23 30 741

23 47 880

23 45 946

23 66 614

23 41 836

23 68 668

23 70 544

23 21 999

23 38 652

23 74 637

23 49 648

23 76 650

23 37 679

23 42 981

23 27 723

23 81 510

23 32 683

23 83 931

23 84 598

23 85 915

23 31 922

23 14 927

23 2 662

23 89 772

23 25 536

23 10 579

23 94 758

23 8 502

23 35 754

23 39 975

23 5 894

23 15 527

43 6 10

43 0 757

43 3 847

43 50 880

43 53 890

43 16 839

43 40 698

43 58 587

43 59 550

43 44 860

43 34 583

43 62 981

43 30 731

43 47 920

43 45 552

43 66 735

43 41 703

43 68 873

43 22 774

43 70 742

43 71 630

43 21 622

43 74 709

43 49 921

43 76 778

43 37 842

43 11 753

43 27 535

43 83 703

43 84 691

43 85 788

43 31 650

43 2 744

43 48 881

43 25 843

43 10 916

43 13 822

43 94 890

43 8 517

43 39 622

43 5 842

43 15 548

6 0 6

6 3 851

6 36 509

6 53 612

6 16 627

6 55 509

6 46 590

6 40 984

6 58 983

6 59 664

6 44 691

6 34 676

6 62 972

6 30 641

6 45 689

6 41 910

6 68 612

6 71 548

6 21 784

6 38 545

6 74 624

6 49 865

6 76 830

6 37 766

6 42 546

6 11 700

6 27 945

6 81 888

6 83 689

6 84 940

6 85 709

6 31 943

6 14 612

6 2 570

6 89 892

6 48 645

6 25 661

6 94 872

6 8 589

6 35 678

6 15 847

0 3 2

0 50 902

0 36 695

0 53 866

0 16 555

0 46 902

0 40 892

0 58 518

0 59 771

0 44 995

0 34 574

0 62 705

0 30 737

0 47 826

0 45 756

0 66 612

0 41 766

0 68 557

0 22 986

0 70 933

0 71 539

0 38 931

0 74 933

0 49 604

0 76 668

0 37 891

0 11 907

0 27 773

0 81 529

0 32 759

0 83 892

0 85 949

0 31 952

0 14 837

0 2 657

0 89 858

0 48 709

0 25 614

0 10 608

0 13 997

0 8 535

0 35 849

0 39 844

0 15 604

3 50 6

3 36 982

3 53 587

3 16 791

3 55 927

3 40 803

3 58 656

3 59 587

3 44 825

3 34 756

3 30 981

3 47 658

3 66 503

3 41 764

3 68 786

3 70 624

3 71 531

3 38 810

3 76 796

3 37 625

3 42 540

3 81 977

3 84 841

3 31 844

3 14 878

3 2 863

3 48 840

3 25 831

3 35 606

3 39 999

3 5 640

50 51 9

50 36 923

50 53 567

50 16 522

50 55 799

50 46 720

50 58 599

50 59 627

50 44 598

50 34 651

50 62 574

50 30 774

50 47 698

50 66 550

50 41 784

50 68 552

50 70 619

50 71 504

50 21 965

50 38 798

50 74 806

50 49 610

50 76 777

50 37 752

50 42 841

50 11 750

50 27 861

50 81 699

50 83 514

50 84 792

50 85 850

50 14 516

50 89 833

50 48 914

50 25 832

50 8 667

50 39 860

50 5 972

50 15 909

51 36 9

51 53 526

51 16 975

51 46 619

51 40 554

51 59 922

51 44 612

51 30 900

51 47 543

51 45 705

51 66 526

51 41 558

51 68 769

51 22 713

51 70 507

51 71 593

51 21 983

51 38 953

51 74 704

51 49 790

51 76 578

51 37 734

51 42 634

51 11 922

51 83 872

51 31 822

51 14 824

51 89 916

51 48 647

51 25 595

51 10 693

51 13 801

51 94 926

51 8 591

51 39 577

51 5 839

51 15 844

36 53 9

36 16 619

36 55 871

36 46 976

36 40 850

36 58 546

36 59 568

36 44 663

36 62 616

36 47 917

36 45 517

36 66 644

36 41 917

36 68 528

36 22 679

36 70 926

36 71 589

36 21 694

36 38 694

36 74 570

36 49 912

36 76 937

36 37 662

36 42 895

36 27 664

36 81 986

36 32 578

36 83 581

36 84 544

36 31 916

36 2 858

36 89 732

36 48 662

36 25 845

36 10 893

36 8 850

36 35 567

36 39 743

36 5 664

36 15 895

53 16 9

53 55 598

53 46 597

53 58 632

53 59 688

53 44 768

53 34 551

53 62 670

53 66 929

53 68 780

53 22 516

53 70 897

53 71 674

53 38 768

53 74 822

53 49 923

53 37 833

53 42 669

53 11 887

53 81 909

53 83 687

53 84 725

53 31 505

53 14 994

53 2 617

53 89 894

53 10 877

53 13 732

53 94 952

53 8 633

53 35 604

53 39 922

53 15 831

16 55 6

16 46 585

16 40 661

16 59 639

16 34 633

16 62 922

16 30 632

16 47 813

16 45 747

16 41 547

16 68 666

16 70 622

16 71 983

16 21 966

16 38 782

16 74 537

16 49 565

16 76 582

16 42 567

16 11 907

16 27 603

16 81 606

16 83 680

16 84 776

16 85 852

16 31 619

16 14 986

16 2 977

16 89 621

16 48 707

16 25 703

16 10 985

16 13 856

16 8 826

16 15 957

55 46 10

55 59 717

55 44 548

55 34 821

55 62 543

55 30 974

55 47 963

55 45 632

55 66 605

55 41 942

55 68 824

55 22 561

55 70 977

55 71 732

55 21 944

55 74 828

55 49 859

55 76 578

55 37 809

55 42 675

55 11 924

55 27 784

55 32 955

55 83 719

55 85 543

55 31 980

55 2 770

55 89 839

55 48 550

55 25 543

55 10 692

55 13 511

55 8 961

55 39 885

55 5 650

46 40 9

46 59 584

46 34 504

46 62 810

46 30 619

46 47 607

46 70 611

46 21 622

46 38 996

46 49 862

46 76 981

46 37 928

46 42 673

46 11 860

46 27 516

46 81 894

46 83 785

46 84 655

46 85 986

46 31 785

46 89 507

46 48 679

46 25 705

46 10 865

46 13 798

46 94 805

46 8 754

46 35 572

46 5 979

46 15 891

40 58 8

40 59 517

40 62 541

40 30 523

40 47 847

40 45 603

40 66 800

40 41 823

40 68 824

40 22 916

40 70 506

40 71 660

40 21 552

40 38 862

40 76 538

40 37 661

40 42 838

40 11 601

40 27 799

40 81 982

40 32 918

40 83 510

40 85 686

40 31 520

40 14 799

40 89 975

40 48 955

40 25 788

40 10 648

40 13 638

40 94 581

40 8 512

40 35 541

40 39 983

40 5 567

40 15 861

58 59 10

58 44 994

58 34 615

58 62 837

58 30 939

58 47 665

58 45 594

58 66 957

58 41 510

58 68 913

58 22 766

58 70 828

58 71 529

58 21 795

58 74 714

58 49 958

58 76 761

58 37 758

58 42 613

58 11 840

58 27 687

58 81 748

58 32 916

58 83 522

58 84 748

58 85 640

58 31 703

58 14 976

58 2 918

58 89 521

58 48 607

58 10 720

58 13 737

58 8 908

58 35 726

58 39 773

58 5 755

58 15 662

59 44 8

59 34 563

59 62 653

59 47 856

59 45 684

59 66 948

59 41 655

59 68 985

59 22 559

59 70 797

59 71 531

59 21 705

59 38 948

59 74 618

59 37 789

59 11 551

59 27 631

59 81 899

59 32 944

59 83 962

59 84 540

59 85 658

59 14 568

59 2 603

59 89 601

59 48 944

59 25 813

59 10 528

59 13 575

59 94 963

59 8 868

59 35 634

59 39 757

59 5 924

59 15 963

44 34 3

44 62 682

44 30 608

44 47 868

44 45 941

44 66 775

44 41 632

44 22 797

44 70 824

44 71 912

44 21 833

44 38 510

44 74 902

44 49 801

44 76 914

44 37 865

44 42 626

44 11 972

44 27 796

44 81 832

44 32 627

44 83 604

44 31 887

44 14 772

44 2 841

44 89 567

44 48 501

44 25 694

44 10 724

44 13 746

44 8 872

44 35 796

44 39 665

44 5 947

44 15 775

34 62 7

34 47 825

34 41 599

34 22 940

34 70 784

34 71 727

34 21 689

34 38 830

34 49 771

34 76 852

34 37 975

34 42 657

34 11 914

34 27 899

34 81 684

34 32 839

34 83 937

34 84 743

34 85 730

34 31 939

34 14 901

34 89 783

34 48 769

34 25 998

34 10 967

34 13 571

34 94 648

34 8 848

34 35 945

34 39 627

34 5 979

34 15 811

62 30 2

62 45 966

62 66 723

62 41 726

62 68 654

62 70 881

62 38 711

62 74 574

62 49 775

62 76 680

62 37 518

62 42 615

62 11 500

62 81 811

62 32 853

62 83 863

62 84 886

62 85 553

62 31 787

62 14 773

62 2 687

62 48 529

62 25 747

62 10 654

62 94 672

62 8 747

62 35 905

62 5 569

62 15 826

30 47 4

30 45 624

30 66 585

30 41 809

30 68 704

30 22 751

30 70 661

30 71 571

30 21 539

30 38 699

30 74 598

30 49 570

30 76 930

30 42 975

30 27 883

30 81 880

30 32 795

30 84 956

30 85 981

30 31 546

30 14 591

30 2 659

30 89 897

30 48 833

30 25 780

30 10 514

30 13 946

30 8 773

30 39 508

30 5 663

30 15 709

47 45 3

47 66 645

47 68 626

47 22 673

47 70 687

47 71 578

47 21 577

47 38 506

47 74 688

47 49 738

47 76 672

47 37 924

47 42 719

47 81 517

47 32 695

47 84 713

47 85 649

47 14 715

47 89 793

47 48 907

47 25 730

47 10 741

47 13 870

47 94 776

47 8 841

47 39 547

47 5 772

47 15 552

45 66 3

45 41 767

45 68 533

45 22 872

45 70 691

45 71 893

45 21 585

45 38 781

45 74 996

45 76 600

45 37 649

45 42 907

45 11 802

45 27 537

45 81 670

45 83 990

45 84 957

45 85 966

45 31 568

45 14 972

45 2 531

45 89 579

45 48 548

45 25 578

45 10 527

45 13 929

45 94 973

45 35 871

45 39 740

45 15 974

66 41 8

66 68 688

66 21 678

66 38 937

66 49 994

66 76 860

66 37 646

66 42 674

66 81 782

66 32 874

66 84 535

66 85 947

66 31 908

66 14 690

66 2 792

66 89 656

66 48 713

66 10 760

66 94 973

66 39 860

66 15 964

41 68 6

41 22 656

41 70 532

41 71 873

41 21 509

41 38 873

41 74 566

41 76 615

41 37 806

41 42 518

41 27 809

41 81 561

41 32 685

41 83 856

41 84 651

41 85 581

41 31 510

41 14 722

41 2 579

41 89 611

41 48 627

41 25 721

41 13 794

41 94 824

41 8 741

41 35 974

41 39 678

41 5 580

41 15 825

68 22 4

68 70 507

68 71 756

68 21 508

68 49 801

68 76 559

68 37 803

68 11 617

68 81 590

68 32 990

68 84 964

68 85 705

68 31 510

68 14 963

68 2 920

68 89 794

68 48 820

68 10 916

68 13 559

68 94 774

68 8 917

68 35 684

68 15 968

22 70 5

22 71 957

22 21 789

22 38 553

22 74 749

22 76 935

22 42 729

22 11 670

22 27 765

22 81 914

22 32 767

22 83 891

22 84 846

22 85 742

22 31 849

22 89 910

22 48 545

22 25 517

22 94 582

22 35 663

22 39 779

22 5 872

22 15 674

70 71 10

70 49 725

70 76 516

70 37 593

70 42 883

70 11 876

70 27 690

70 81 609

70 83 743

70 84 503

70 85 724

70 31 575

70 2 947

70 89 952

70 48 763

70 10 841

70 13 954

70 94 876

70 5 689

70 15 675

71 21 3

71 38 874

71 76 951

71 37 917

71 11 773

71 27 884

71 81 903

71 32 814

71 85 556

71 31 520

71 14 502

71 2 909

71 89 606

71 48 930

71 10 878

71 94 681

71 39 948

71 5 601

21 38 1

21 74 504

21 49 607

21 76 940

21 37 834

21 42 635

21 11 771

21 27 880

21 81 658

21 83 914

21 84 538

21 85 661

21 31 576

21 14 721

21 2 668

21 89 708

21 48 678

21 25 568

21 10 917

21 13 642

21 94 671

21 8 810

21 35 845

21 39 733

21 5 997

21 15 818

38 74 5

38 49 916

38 76 755

38 42 976

38 11 777

38 27 928

38 81 829

38 32 806

38 83 822

38 84 631

38 85 513

38 14 736

38 2 507

38 89 946

38 48 820

38 25 891

38 10 947

38 13 580

38 94 975

38 8 833

38 15 985

74 49 6

74 76 797

74 37 571

74 42 520

74 11 525

74 27 672

74 81 549

74 32 764

74 83 518

74 84 797

74 85 679

74 31 539

74 14 770

74 2 568

74 89 920

74 25 757

74 10 705

74 13 996

74 8 933

74 35 979

74 39 977

74 5 803

74 15 786

49 76 7

49 37 826

49 11 505

49 27 670

49 81 501

49 32 513

49 83 634

49 85 891

49 31 715

49 89 597

49 48 711

49 25 669

49 10 958

49 13 633

49 94 997

49 8 680

49 35 817

49 39 799

49 5 764

49 15 775

76 37 9

76 42 647

76 11 876

76 27 562

76 81 699

76 32 996

76 83 552

76 84 725

76 85 599

76 2 780

76 89 896

76 48 727

76 25 723

76 13 987

76 8 854

76 35 587

76 39 576

76 5 878

76 15 842

37 42 5

37 11 776

37 27 933

37 81 820

37 83 570

37 84 669

37 31 981

37 14 929

37 2 921

37 89 691

37 25 897

37 10 650

37 13 779

37 8 758

37 35 584

37 39 741

37 5 740

37 15 753

42 11 3

42 81 721

42 32 652

42 85 867

42 31 821

42 14 730

42 89 628

42 25 812

42 13 522

42 94 686

42 8 964

42 39 556

42 5 932

42 15 824

11 27 2

11 81 687

11 32 591

11 85 709

11 14 939

11 89 919

11 25 731

11 13 753

11 94 654

11 8 583

11 35 890

11 39 774

11 5 676

11 15 828

27 81 2

27 32 779

27 83 737

27 84 582

27 85 852

27 14 535

27 2 657

27 48 740

27 25 994

27 10 510

27 13 909

27 94 581

27 8 584

27 35 826

27 39 659

27 5 827

81 32 3

81 83 564

81 84 860

81 85 798

81 31 599

81 14 889

81 2 739

81 89 849

81 48 762

81 10 910

81 13 789

81 94 608

81 8 551

81 35 837

81 39 793

81 5 853

81 15 580

32 83 1

32 84 784

32 85 597

32 31 745

32 14 607

32 2 670

32 89 555

32 48 637

32 25 848

32 10 558

32 13 891

32 94 714

32 8 806

32 39 599

32 5 710

32 15 999

83 84 2

83 85 807

83 31 606

83 89 984

83 48 707

83 25 651

83 94 911

83 8 664

83 35 640

83 39 966

83 5 841

83 15 791

84 85 1

84 31 788

84 14 667

84 2 510

84 89 932

84 48 851

84 25 506

84 10 567

84 13 548

84 8 897

84 35 893

84 39 840

84 5 786

84 15 964

85 31 6

85 2 833

85 89 861

85 48 718

85 25 761

85 13 694

85 8 517

85 35 894

85 39 974

85 15 603

31 14 1

31 2 832

31 89 838

31 48 994

31 10 958

31 94 791

31 8 681

31 35 632

31 5 713

31 15 925

14 2 1

14 89 623

14 48 670

14 10 644

14 94 748

14 8 922

14 35 695

14 39 590

14 5 846

14 15 722

2 89 6

2 48 692

2 25 848

2 10 621

2 94 686

2 35 948

2 39 759

2 5 821

2 15 615

89 48 2

89 25 728

89 10 842

89 94 889

89 8 754

89 35 795

89 39 635

89 5 847

89 15 662

48 25 9

48 13 573

48 94 782

48 35 583

48 39 774

48 5 672

48 15 521

25 10 8

25 13 844

25 94 852

25 35 741

25 39 803

25 5 941

25 15 641

10 13 8

10 94 805

10 8 918

10 35 861

10 39 863

10 5 891

10 15 930

13 94 10

13 8 503

13 35 767

13 39 506

13 5 963

94 8 3

94 39 644

94 15 799

8 35 3

8 39 545

8 15 801

35 39 2

35 5 838

39 5 1

39 15 551

5 15 10

